4294967294,1414
4294967294,83
4294967293,131
4294967293,130
4294967293,129
4294967293,128
4294967293,127
4294967293,126
4294967293,125
4294967293,124
4294967293,123
4294967293,122
4294967293,121
4294967293,120
4294967293,119
4294967293,118
4294967293,117
4294967293,116
4294967293,115
4294967293,114
4294967293,113
4294967293,112
4294967293,111
4294967293,110
4294967293,109
4294967293,108
4294967293,107
4294967293,106
4294967293,105
4294967293,104
4294967293,103
4294967293,102
4294967293,101
4294967293,100
4294967293,99
4294967293,98
4294967293,97
4294967293,96
4294967293,95
4294967293,94
4294967293,93
4294967293,92
4294967293,91
4294967293,90
4294967293,89
4294967293,87
4294967293,86
4294967293,85
4294967293,84
4294967293,83
4294967293,82
4294967293,81
4294967293,80
4294967293,79
4294967293,78
4294967293,77
4294967293,76
4294967293,75
4294967293,74
4294967293,73
4294967293,72
4294967293,71
4294967293,70
4294967293,69
4294967293,68
4294967293,67
4294967293,66
4294967293,65
4294967293,64
4294967293,63
4294967293,62
4294967293,61
4294967293,60
4294967293,59
4294967293,58
4294967293,57
4294967293,56
4294967293,55
4294967293,54
4294967293,53
4294967293,52
4294967293,51
4294967293,50
4294967293,49
4294967293,48
4294967293,47
4294967293,46
4294967293,45
4294967293,44
4294967293,43
4294967293,42
4294967293,41
4294967293,40
4294967293,39
4294967293,38
4294967293,37
4294967293,36
4294967293,35
4294967293,34
4294967293,33
4294967293,32
4294967293,31
4294967293,30
4294967293,29
4294967293,28
4294967293,27
4294967293,26
4294967293,25
4294967293,24
4294967293,23
4294967293,22
4294967293,21
4294967293,20
4294967293,19
4294967293,18
4294967293,17
4294967293,16
4294967293,15
4294967293,14
4294967293,13
4294967293,12
4294967293,11
4294967293,10
4294967293,9
4294967293,8
4294967293,7
4294967293,6
4294967293,5
4294967293,4
4294967293,3
4294967279,83
4294967279,82
4294967279,81
4294967279,80
4294967279,79
4294967279,78
4294967279,77
4294967279,76
4294967279,74
4294967279,70
4294967279,69
4294967279,68
4294967279,67
4294967279,65
4294967279,62
4294967279,61
4294967279,60
4294967279,59
4294967279,56
4294967279,54
4294967279,53
4294967279,52
4294967279,51
4294967279,50
4294967279,49
4294967279,48
4294967279,47
4294967279,46
4294967279,45
4294967279,44
4294967279,43
4294967279,42
4294967279,41
4294967279,40
4294967279,39
4294967279,38
4294967279,37
4294967279,36
4294967279,35
4294967279,34
4294967279,33
4294967279,32
4294967279,31
4294967279,30
4294967279,29
4294967279,28
4294967279,27
4294967279,26
4294967279,25
4294967278,269
4294967294,942
4294967294,941
4294967294,939
4294967294,938
4294967294,933
4294967294,922
4294967294,128
4294967294,830
4294967294,829
4294967294,828
4294967294,827
4294967294,60
4294967279,549
4294967279,262
4294967278,360
4294967279,75
4294967279,73
4294967279,72
4294967279,71
4294967294,180
4294967294,190
4294967294,30
4294967294,164
4294967294,165
4294967294,113
4294967294,177
4294967279,255
4294967294,176
4294967294,450
4294967294,443
4294967294,18
4294967294,127
4294967294,14
4294967294,126
4294967294,20
4294967294,13
4294967294,166
4294967294,24
4294967294,12
4294967294,104
4294967294,106
4294967294,160
4294967278,278
4294967279,66
4294967279,524
4294967278,256
4294967278,356
4294967279,520
4294967278,391
4294967279,517
4294967278,252
4294967278,346
4294967279,64
4294967279,63
4294967279,58
4294967279,57
4294967279,55
4294967294,1417
4294967278,354
4294967279,238
4294967279,235
4294967279,233
4294967278,233
98,5
98,4
98,3
98,2
98,1
4294967278,352
4294967278,207
4294967278,204
4294967278,206
96,5
96,4
4294967278,205
96,3
96,2
96,1
4294967278,351
4294967278,203
4294967278,350
4294967279,545
4294967279,544
94,6
94,5
4294967278,193
94,4
94,3
94,2
94,1
93,5
93,4
93,3
93,2
93,1
4294967278,314
4294967279,309
4294967278,176
92,5
92,4
92,3
92,2
92,1
91,5
4294967278,169
91,4
91,3
91,2
91,1
4294967279,537
4294967294,403
4294967294,451
4294967294,108
4294967294,467
4294967294,175
4294967294,118
4294967294,901
4294967294,421
4294967294,899
4294967278,161
4294967278,160
4294967278,159
89,4
89,3
89,2
89,1
4294967278,341
4294967279,554
4294967278,340
4294967278,366
4294967279,534
4294967278,365
4294967278,363
4294967278,275
4294967279,131
4294967279,130
4294967279,129
4294967279,128
4294967279,127
4294967279,126
4294967279,124
4294967279,123
4294967279,122
4294967279,121
4294967279,120
4294967279,119
4294967279,118
4294967279,117
4294967279,116
4294967279,115
4294967279,113
4294967279,112
4294967279,111
4294967279,110
4294967279,109
4294967279,226
4294967279,224
4294967279,107
4294967279,106
4294967279,260
4294967279,220
4294967279,105
4294967279,104
4294967279,103
4294967279,102
4294967279,101
4294967279,100
4294967279,99
4294967279,98
4294967279,97
4294967279,96
4294967279,95
4294967279,94
4294967279,93
4294967279,92
4294967279,91
4294967279,90
4294967279,89
4294967279,87
4294967279,86
4294967279,85
4294967279,84
4294967279,533
4294967278,339
4294967279,532
88,5
88,4
88,3
88,2
88,1
4294967279,135
4294967294,1418
4294967278,336
4294967279,269
86,6
4294967294,473
4294967278,286
86,5
86,4
4294967279,265
86,3
86,2
86,1
4294967279,264
4294967279,261
4294967278,282
4294967279,273
4294967278,281
85,5
4294967279,275
4294967278,359
85,4
85,3
85,2
85,1
4294967279,256
4294967278,257
4294967279,548
4294967278,358
4294967279,547
4294967278,329
4294967278,357
84,5
84,4
4294967278,330
84,3
84,2
84,1
4294967279,522
4294967279,519
4294967278,355
4294967279,125
4294967279,251
4294967278,325
83,5
4294967278,253
4294967279,249
83,4
4294967279,248
83,3
83,2
83,1
4294967279,515
4294967279,247
4294967278,246
4294967294,472
4294967279,241
4294967294,1413
4294967294,161
4294967294,182
4294967294,163
4294967278,244
4294967278,245
4294967278,242
4294967279,239
4294967278,237
4294967278,236
4294967278,232
4294967279,231
81,4
4294967279,229
81,3
81,2
81,1
4294967279,227
4294967279,327
4294967278,225
4294967278,223
4294967294,1415
4294967294,399
4294967294,407
4294967294,167
4294967294,415
4294967294,919
4294967294,168
4294967294,191
4294967294,448
4294967294,411
4294967294,184
